14
2 2
3 3
1 1

3 3
3 3 3
3 1 3
3 3 3

4 4
3 3 3 3
3 1 1 3
3 1 1 3
3 3 3 3

5 5
3 3 3 3 3
3 1 1 1 3
3 1 1 1 3
3 1 1 1 3
3 3 3 3 3

5 5
3 3 3 3 3
3 3 3 3 3
3 3 3 3 3
3 3 3 3 3
3 3 3 3 3

7 5
3 3 3 3 3
3 1 1 1 3
3 1 3 3 3
3 1 1 1 3
3 1 1 1 3
3 1 1 1 3
3 3 3 3 3

6 8
5 7 6 5 3 8 7 9
6 5 1 9 6 3 3 1
8 1 1 3 2 5 9 6
6 6 1 9 8 4 5 6
8 7 7 5 1 1 1 1
5 4 7 1 1 5 5 3

3 6
3 3 4 4 4 2
3 1 3 2 1 4
7 3 1 6 4 1

20 6
3 3 3 3 3 3
3 1 1 1 1 3
3 1 3 3 3 3
3 1 1 1 1 3
3 1 1 1 1 3
3 1 1 1 1 3
3 3 3 2 3 3
3 3 1 1 1 3
3 3 3 3 1 3
3 1 1 1 1 3
3 1 3 3 3 3
3 1 2 1 1 3
3 3 3 3 1 3
3 2 2 2 2 3
3 2 3 2 1 3
3 3 2 2 1 3
3 2 1 1 1 3
3 2 1 3 1 3
3 2 1 1 1 3
3 3 3 3 3 3

7 7
9 9 9 9 9 9 9
9 2 2 2 2 2 9
9 2 3 3 3 2 9
9 2 3 1 3 2 9
9 2 3 3 3 2 9
9 2 2 2 2 2 9
9 9 9 9 9 9 9

7 7
9 9 9 9 9 9 9
9 7 7 7 7 7 9
9 7 5 5 5 7 9
9 7 5 1 5 7 9
9 7 5 5 5 7 9
9 7 7 7 7 7 9
9 9 9 9 9 9 9

7 7
5 5 5 5 5 5 5
5 3 3 3 3 3 5
5 3 1 1 1 3 5
5 3 1 9 1 3 5
5 3 1 1 1 3 5
5 3 3 3 3 3 5
5 5 5 5 5 5 5

7 7
9 9 5 5 5 9 9
9 1 1 9 1 1 9
5 1 9 9 9 1 5
5 9 9 1 9 9 5
5 1 9 9 9 1 5
9 1 1 9 1 1 9
9 9 5 5 5 9 9

7 7
9 9 9 9 9 9 9
9 4 4 4 4 4 9
9 4 1 1 1 4 9
9 4 1 9 1 4 9
9 4 1 1 1 4 9
9 4 4 4 4 4 9
9 9 9 9 9 9 9